4251
2134
6605
2629
5767
8192
3827
2114
2432
1432
296
1137
2875
8945
3841
8594
9936
3582
5998
1906
1490
7769
6913
3979
1539
8547
6579
9307
9692
3983
6784
5811
6888
5977
1097
1178
1273
6494
1665
1848
2099
9012
141
6356
3970
5751
8071
9752
6172
8715
3840
9994
7587
3015
2037
6361
8008
5770
5009
4663
8754
9096
1753
1077
3236
276
592
7746
9798
5656
8364
3448
630
8516
7582
7960
5289
148
3465
2912
6481
2496
6010
9367
6268
1773
6359
2623
9600
3552
6752
6443
4371
7394
824
493
6714
1034
9979
9151
5782
3092
2677
621
3511
6235
3887
131
5319
4602
5117
1585
3707
9915
6536
8557
1579
4407
38
9435
3493
5396
183
744
2340
4863
7088
5476
1176
7165
9837
1857
5238
4092
200
5674
8909
8930
88
9322
4593
9664
5376
4487
734
4695
6462
3307
2873
5277
9829
7721
1045
9764
1908
9489
7177
8600
7941
3231
2888
3603
3275
5712
1503
5498
4868
1449
5029
9922
1265
9214
1236
8762
9031
8289
1973
3037
9041
5325
8580
7228
3626
6448
8368
2425
999
9198
117
8245
2900
5499
9424
9344
3304
9439
3616
9133
2713
5764
3178
3642
5246
3907
9335
9958
6592
8472
4643
639
6830
4790
686
4579
2670
9820
6810
466
7204
7493
4348
7773
6590
3464
651
1851
5084
9124
545
8877
429
324
7151
2580
1791
9016
4154
6267
322
110
8120
4708
9483
4614
360
5336
130
748
879
6936
7268
4122
6703
9196
4181
4725
9190
1057
8518
5425
7974
6539
218
959
5217
3329
5706
5729
6396
6013
6578
8733
6334
2122
3703
1404
7202
828
2433
5672
7148
3201
3096
9061
488
8117
1231
4594
5021
3778
59
1594
2077
1879
1439
4059
6157
2179
3042
1894
5766
7675
1631
3328
7153
6438
9178
6385
5689
8226
4204
906
9331
8263
9886
3139
3322
3990
6031
4676
3388
7427
4384
7279
1552
757
7494
9377
5571
2039
373
7424
2679
5118
750
7320
21
4895
9682
6835
3399
529
4008
116
25
3527
543
5268
9995
6211
334
6837
244
4565
7350
613
809
912
9536
7181
9644
8599
8335
1172
4751
8385
5738
3905
6552
5340
4794
3937
73
6526
7057
2457
1459
5843
9222
2962
9356
5103
3361
3175
3599
7910
5824
8413
1023
8612
6976
6985
662
4939
6266
7193
7407
3164
8967
8225
559
5406
4736
1814
4922
500
6790
66
4405
6941
1301
5128
4935
506
2532
3836
2610
8553
8759
2885
6801
2252
4402
3186
9581
9839
8847
4386
9090
2172
9862
9280
4528
8072
7646
8706
7411
1303
9910
3712
9777
5167
2499
3733
1887
1568
3126
9639
2193
5870
6680
9385
6322
8302
771
8332
7946
538
2792
4531
9732
6049
4041
6428
9019
7347
2470
7759
450
7189
4067
1083
280
8728
5696
7297
5603
8249
5510
914
5774
3657
9069
7580
7053
8208
2177
4869
7298
863
300
6087
2603
1343
2204
8478
9654
2540
2857
1522
